5.035070055002470291e+00
-1.481511742023567102e+01
-5.441495017573745763e+00
7.498408859943094917e+00
-8.626866965064090564e+00
8.161596907876832674e+00
-1.239548532519813762e+01
-6.753974811363138819e+00
2.691109624411706314e+00
-2.772237898441165971e+00
1.154698026309731951e+01
-7.856600464064312561e+00
1.248782287136050684e+01
2.076797466218564647e+00
-8.683519509261063973e+00
4.191482986164349889e+00
2.074162918939201905e+00
1.370983863852188023e+01
-9.963508677507929567e-01
6.220298427091177640e-01
1.233361143546718530e+01
-2.755442238323648318e+00
-9.675715452911596515e+00
-1.012117821749743207e+01
3.742819256566000785e+00
-8.362493613810478621e+00
-7.490452127121065562e-01
-1.741823028967448650e+01
-3.663901806278151874e+00
1.440413106712722247e+01
-1.056816625624430905e+01
-6.163111019314666983e+00
6.571903647329064846e+00
-5.007646259035457570e-01
-3.429569519202082972e+00
1.337866155618109865e+01
-1.998380863779163974e+01
-4.238742079747206404e+00
1.887869684458610475e+00
2.328109168081711289e+01
8.524587856000096053e+00
7.197584043879003524e+00
-1.889081201446449754e-01
1.393481796917762860e+00
9.154098406658388143e+00
1.041870208935602449e+01
-6.001475191434103351e+00
-7.248168498886487399e+00
-7.539901126237000817e+00
-4.797765217816099437e+00
-5.311181210150353493e+00
4.687455437450246620e+00
6.129956343427791943e+00
4.133759354244666895e+00
3.884120685328125600e+00
-1.897620785894679329e+01
-7.772803122938635845e+00
-1.250462902568557233e+01
2.221208650663479833e+00
8.064702433846679952e+00
-6.389801472846701635e+00
2.921012504016384792e+00
9.919057882514994873e+00
1.556084408066408642e+01
-7.671326065274228334e+00
3.242370084257553131e-01
-3.096617218788925818e+00
1.223261681135288725e+01
-6.265224786039495619e+00
1.792554133138993144e+00
-1.674545832348277585e+01
4.078663895705804343e+00
1.338481244568560058e+01
7.823415370836825034e+00
7.875388997509125133e+00
9.252205907623212155e-01
-5.903125346845642163e+00
-8.908881914262398727e-01
7.923552883091948829e-01
1.291255473282216926e+01
